0 1 1
0 4 1
0 5 1
0 6 1
0 9 1
0 20 1
0 21 1
0 24 1
1 2 1
1 5 1
1 6 1
1 7 1
1 20 1
1 21 1
1 22 1
2 3 1
2 6 1
2 7 1
2 8 1
2 21 1
2 22 1
2 23 1
3 4 1
3 7 1
3 8 1
3 9 1
3 22 1
3 23 1
3 24 1
4 5 1
4 8 1
4 9 1
4 20 1
4 23 1
4 24 1
5 6 1
5 9 1
5 10 1
5 11 1
5 14 1
6 7 1
6 10 1
6 11 1
6 12 1
7 8 1
7 11 1
7 12 1
7 13 1
8 9 1
8 12 1
8 13 1
8 14 1
9 10 1
9 13 1
9 14 1
10 11 1
10 14 1
10 15 1
10 16 1
10 19 1
11 12 1
11 15 1
11 16 1
11 17 1
12 13 1
12 16 1
12 17 1
12 18 1
13 14 1
13 17 1
13 18 1
13 19 1
14 15 1
14 18 1
14 19 1
15 16 1
15 19 1
15 20 1
15 21 1
15 24 1
16 17 1
16 20 1
16 21 1
16 22 1
17 18 1
17 21 1
17 22 1
17 23 1
18 19 1
18 22 1
18 23 1
18 24 1
19 20 1
19 23 1
19 24 1
20 21 1
20 24 1
21 22 1
22 23 1
23 24 1
